pbbs_sequencePoint3d
-8.89335873037e-01 -2.75706665699e-01 -3.64784236801e-01
1.19870877199e-01 9.69116905278e-01 2.15507300814e-01
6.51353016088e-01 4.50553983446e-02 7.57435977171e-01
-6.42226893360e-01 -2.21834895508e-01 -7.33712407268e-01
-6.32933509105e-01 7.74120479937e-01 -1.15176210338e-02
4.24420524513e-01 -3.56464455994e-01 8.32346268079e-01
9.53047123485e-01 -2.61584254655e-01 -1.52560998077e-01
9.94208944745e-01 -7.78798365381e-02 7.40493433514e-02
-1.02761481573e-01 -9.78239607174e-01 1.80242472414e-01
-2.53987364070e-01 1.01026785831e-01 -9.61916840188e-01
-3.28788264130e-01 -9.42600980048e-01 -5.83238354538e-02
-2.95678500802e-01 -1.83702697175e-01 -9.37458022108e-01
5.57422529996e-01 5.89105872814e-01 -5.85008028721e-01
-7.57691159846e-01 -3.16496985394e-01 5.70730903778e-01
-4.28405867815e-01 -8.69430504346e-01 -2.46087404257e-01
9.96088604670e-01 -6.46514952129e-02 6.02301902221e-02
7.83338047265e-01 -3.92916237946e-01 -4.81662053378e-01
-8.37398646786e-01 -8.57161034461e-02 5.39829839830e-01
8.73843241329e-01 1.72101072276e-01 -4.54729821438e-01
-6.35894628975e-01 6.99180727376e-01 -3.26778719176e-01
5.24243207357e-01 -7.20898789936e-01 4.53292393725e-01
-3.15438844272e-02 6.73821211489e-01 7.38220805926e-01
-1.21321792837e-01 -7.51739061867e-01 6.48204755803e-01
-6.56797115591e-02 -5.02771699175e-01 -8.61920410478e-01
6.70089189206e-01 4.30219835910e-01 6.04889552976e-01
-5.26113446194e-01 2.98653627692e-01 7.96247858648e-01
-6.89263718282e-01 6.95994085773e-01 2.01265395012e-01
6.53277518357e-01 7.09709745920e-01 -2.63705442786e-01
-1.75916645101e-01 4.81205355865e-01 8.58775139057e-01
2.63513272147e-01 5.88768610094e-01 7.64141530850e-01
-7.70581621840e-01 6.11867616322e-01 -1.78387174928e-01
-7.37315944019e-01 2.45309912152e-01 6.29434862154e-01
-8.69642320553e-01 1.09018313143e-01 -4.81494799248e-01
-2.91540551043e-01 3.05317550958e-01 9.06523744959e-01
-6.43162347915e-01 7.29485755039e-01 2.32793314809e-01
-1.45860010869e-01 2.63538221420e-01 9.53557792208e-01
-2.32664451411e-01 -6.84483112816e-01 -6.90905291135e-01
4.51506848154e-01 4.80878506401e-01 -7.51596586043e-01
-4.82647261487e-01 -7.62734645948e-01 4.30450323324e-01
-7.18529416394e-01 -5.04058725655e-02 -6.93667590268e-01
-8.54823193411e-01 1.10838886989e-01 5.06943832331e-01
4.72967103301e-01 -8.39374531101e-01 -2.67866600630e-01
-9.24438441531e-01 1.66433507161e-01 -3.43093945608e-01
-9.74688159929e-01 -2.23520278092e-01 -4.65576802305e-03
5.97187136503e-01 7.99937398510e-01 5.88870313437e-02
4.78183210989e-01 -8.01674687198e-01 3.58689995169e-01
-4.80226029326e-02 5.38309328916e-02 -9.97394636175e-01
9.67590205842e-01 1.25333412510e-01 2.19227574149e-01
-5.47445844521e-01 -2.82777822415e-01 7.87616499615e-01
9.48010951630e-01 2.80810990475e-01 1.49734509106e-01
-8.25511507684e-01 5.63226674630e-01 3.61450365434e-02
2.37167741345e-01 -8.53174390407e-01 4.64591134244e-01
-5.95838832839e-01 7.78400170462e-01 -1.97659454379e-01
-4.46911354384e-01 -5.49865762195e-01 7.05632967546e-01
-7.93165211150e-01 1.58955265809e-01 5.87896395033e-01
8.89190565305e-01 3.47720512546e-02 4.56213812837e-01
-1.93224086377e-01 -9.74545579755e-01 1.13689777128e-01
-3.92909310311e-01 -6.67973415812e-01 -6.32007744920e-01
2.30612697490e-01 4.48849054159e-01 8.63337888857e-01
3.38935136041e-01 8.91648173468e-01 -3.00144145882e-01
5.88976331234e-01 -3.92401721700e-01 -7.06489752263e-01
-1.97851209273e-01 6.80713346354e-01 7.05325626278e-01
-4.26027393610e-01 -9.03428108357e-01 -4.81488621308e-02
-5.00125900900e-01 7.47724579318e-01 -4.36786030836e-01
4.73721617138e-02 -7.93088047091e-01 -6.07262075101e-01
7.80919830450e-01 -1.44027998488e-01 6.07799435720e-01
-6.82868071639e-01 7.28110789003e-01 5.95472558066e-02
1.88678657932e-01 3.40927697251e-01 -9.20960731675e-01
9.20003686366e-03 -9.45097452556e-01 -3.26659095227e-01
-5.93877189121e-01 -2.88261922415e-01 -7.51142428790e-01
-7.27550805152e-01 -6.79422077584e-01 9.51602144558e-02
-3.40825172614e-01 8.35524885873e-01 4.30971422253e-01
-8.76167871270e-01 1.89341991360e-01 4.43260049702e-01
-4.83264858944e-01 8.55484576476e-01 -1.86014019693e-01
6.43224475122e-01 5.84041218156e-01 -4.95134456586e-01
6.92148846588e-02 8.68071086168e-01 4.91591180862e-01
1.22036627760e-01 3.55131584039e-01 9.26816389315e-01
7.53700966847e-01 6.48739842501e-01 -1.05221049821e-01
-7.45905549226e-02 9.73756989694e-01 2.15019938933e-01
7.07278372101e-01 -4.14412507793e-02 7.05719439361e-01
6.33093890518e-01 -1.63029133757e-02 -7.73903314894e-01
-5.73093692446e-01 -5.51430904466e-01 -6.06207536474e-01
-1.35841998942e-01 -9.20478520636e-01 -3.66423585992e-01
3.73147294507e-01 8.73234847250e-01 3.13403889813e-01
-6.50562888092e-01 7.49320509888e-01 -1.23639403508e-01
-3.87474168584e-01 8.93938156907e-01 -2.25251726531e-01
2.80587586401e-01 8.64248775087e-01 4.17545998805e-01
-2.37132555385e-01 -9.28478948688e-01 2.85823359823e-01
-7.34633896453e-01 1.05786695226e-01 6.70165810300e-01
-9.14371404083e-02 1.93603636060e-01 9.76809542059e-01
-5.32368641903e-01 -1.61774618015e-01 -8.30910706445e-01
2.12085027266e-01 7.49481889350e-01 6.27133828418e-01
3.50171023367e-01 -1.31772146817e-01 -9.27370667920e-01
-3.78881074662e-02 3.31458212005e-01 9.42708833632e-01
5.62559341576e-01 2.61653345507e-01 7.84260488607e-01
-3.75175186925e-01 8.88247323772e-01 2.65066540568e-01
-1.03360853355e-01 7.94714782421e-01 5.98117838386e-01
-6.38213491091e-01 7.23249521789e-01 -2.63806120137e-01
-9.67810893151e-03 -9.21283357950e-01 -3.88771537759e-01
-9.37408730734e-01 2.53910964145e-01 -2.38315114565e-01
-5.58255005933e-01 -7.67660224701e-01 3.14720713908e-01
8.38349258996e-02 -6.56680876882e-01 7.49494450371e-01
-4.56144867067e-01 -1.07804068411e-01 -8.83351653127e-01
-3.90292595765e-01 -8.17704309370e-01 4.23120966308e-01
-7.01235976291e-01 7.12793210841e-01 1.39263826742e-02
-4.52420690835e-01 -5.64872448982e-01 6.90097554615e-01
9.86500565197e-01 9.00354714861e-03 1.63510155664e-01
2.26739141720e-01 7.70308547242e-01 -5.95998409107e-01
-4.86323465951e-01 -7.61541850583e-01 -4.28419766439e-01
6.90416673077e-01 -1.33355346558e-01 -7.11014183460e-01
2.45869284009e-01 4.97465593679e-03 9.69290228971e-01
2.22341583101e-01 -8.19991516604e-01 -5.27425950367e-01
1.12453366339e-01 -7.96609790016e-01 -5.93941986098e-01
4.69002394122e-01 -4.84380310704e-01 -7.38520459372e-01
-4.89426025201e-01 5.65736233585e-01 -6.63629926891e-01
-7.44977856118e-01 -5.44276166410e-01 -3.85709020600e-01
4.23499297016e-01 -6.65040627945e-01 -6.15117312883e-01
8.13594954380e-01 4.45600471400e-01 3.73501633323e-01
9.40135750194e-01 1.64967879677e-01 2.98211954625e-01
8.73938802850e-01 2.10281196847e-01 -4.38192637006e-01
-4.51742796863e-01 -3.70448635866e-01 -8.11601043412e-01
-7.95335472863e-02 7.36131882750e-01 6.72148990965e-01
4.33152309922e-01 8.41605848414e-01 3.22612263133e-01
2.97129647753e-01 -7.93085330298e-01 5.31723265706e-01
1.19981772153e-01 7.04588911581e-01 6.99398913373e-01
-5.92918326065e-01 2.95939985665e-01 -7.48910798093e-01
-7.51098273474e-01 6.50723473440e-01 -1.11401726641e-01
7.07474960585e-02 7.85477081064e-01 -6.14833755518e-01
7.73168262718e-01 5.81022647629e-01 2.54211566351e-01
9.82113020806e-01 -1.36379004298e-03 1.88287425073e-01
-3.10142562296e-01 -6.77799404569e-01 -6.66633001147e-01
4.95155916577e-01 6.77362635915e-02 8.66159579335e-01
2.13388624680e-01 9.54168986539e-01 2.09825737182e-01
-2.17732208864e-02 -7.78937145868e-01 6.26723902240e-01
-8.31608964216e-01 4.27092827701e-01 -3.54990488833e-01
-6.46007323408e-02 -8.03190259235e-01 5.92209551468e-01
8.01810186149e-01 -5.72129860137e-01 -1.72533615644e-01
-3.00034895370e-01 8.16903556095e-01 4.92592774613e-01
-2.82174798608e-01 8.43718150237e-01 -4.56636689274e-01
-9.86608616861e-01 4.81872623867e-02 -1.55824981566e-01
9.61224256375e-01 -7.71561656378e-02 -2.64754329635e-01
5.80593058465e-01 -5.80342101651e-01 -5.71064572106e-01
-9.99431149245e-01 8.94176845352e-03 -3.25180364603e-02
-4.50126968777e-01 8.92862103029e-01 1.35268974558e-02
6.99170864118e-01 -7.10080978604e-01 -8.33373061308e-02
8.39785511353e-01 3.36343264683e-01 4.26184822847e-01
4.96615706443e-01 8.44735089957e-01 -1.99488014451e-01
-3.10378140653e-01 5.31638042421e-01 7.88052283580e-01
-6.48306478971e-01 7.61230114190e-01 1.50805362870e-02
9.94327294147e-01 -5.46087238762e-02 -9.12749658548e-02
-5.42723803648e-01 8.22829849544e-02 -8.35871032720e-01
-6.56655756851e-01 -3.57228727672e-01 -6.64221990844e-01
5.81294942927e-01 -5.22934321768e-01 -6.23406676612e-01
8.73786375257e-01 -3.54285405376e-01 3.33135440855e-01
-9.36762481581e-01 -7.22034538647e-02 -3.42436438412e-01
8.41304490125e-01 -4.98532839754e-01 2.08977899747e-01
-1.27157243437e-01 7.66257411936e-01 6.29825860135e-01
8.08696937620e-01 -5.12705521588e-02 -5.85986854431e-01
7.73908638202e-01 6.04575302017e-01 1.88558012051e-01
-1.47611038663e-01 9.73503003093e-01 1.74650749305e-01
8.05823755584e-01 -1.48614758797e-01 5.73203042912e-01
7.13639883263e-01 6.75306824142e-01 -1.86222475236e-01
-9.58052883530e-01 2.70484993714e-01 -9.47234951566e-02
7.44423544211e-01 5.79577463452e-01 3.31547207323e-01
-4.75844579702e-01 -6.27140317643e-01 6.16657893775e-01
-8.75497135245e-01 -3.31963841067e-01 3.51147795666e-01
3.19562072906e-01 2.28489413812e-01 9.19604626639e-01
9.53487413432e-01 1.33858396634e-01 2.70080880623e-01
-2.14734943338e-01 9.06197612625e-01 -3.64272962189e-01
-5.84298523129e-01 -4.10653673981e-02 8.10499149580e-01
-8.14671967634e-01 2.97168867628e-01 4.97996234186e-01
-1.62122795743e-01 -2.49121560250e-01 -9.54806078384e-01
4.94461800975e-02 -9.52729077105e-01 2.99770547106e-01
-6.24046442341e-01 -5.73623527074e-02 -7.79278896348e-01
9.08303385802e-02 6.47504996179e-02 9.93759137011e-01
-3.21077867165e-01 -8.37905517515e-02 -9.43338829188e-01
7.30456618902e-01 -1.46365690429e-02 6.82802239854e-01
-4.53014760051e-01 -7.69974303660e-01 -4.49351976606e-01
5.42062818426e-01 -1.29682537266e-01 -8.30271245081e-01
-3.57079844033e-01 -6.26679476826e-01 -6.92652018196e-01
9.05857488832e-01 -2.08786722706e-01 3.68551644072e-01
6.43324846101e-01 1.40299198353e-02 -7.65464763225e-01
9.24977825785e-01 1.41164788906e-02 -3.79758800858e-01
2.08499629695e-01 -2.29959194871e-01 9.50603320587e-01
2.67732404527e-01 -7.53242710263e-01 6.00786799957e-01
6.74827473699e-01 -7.07337428303e-01 2.10432039536e-01
4.24650399812e-01 8.91578499819e-01 1.57352523337e-01
9.26513924254e-01 3.41644958504e-01 1.57640954362e-01
2.52785389835e-02 7.74760162058e-01 6.31749702616e-01
-5.68422805796e-01 -4.86150166227e-01 6.63742065662e-01
-6.74664180085e-02 -9.87782819815e-01 -1.40475561288e-01
9.60432694972e-01 2.75304788670e-01 4.21463137763e-02
-2.44488708785e-01 -9.33442637083e-01 2.62507360947e-01
3.25077132377e-01 -7.00899259242e-01 6.34874071292e-01
3.52247011933e-01 7.97751813833e-01 -4.89401763494e-01
-9.24087933318e-01 -3.78634910693e-01 5.19335720041e-02
6.56259298447e-01 7.10011939052e-01 2.55356181844e-01
9.09730487254e-01 3.24962772004e-01 -2.58436911785e-01
-7.92760348706e-01 4.25186492124e-01 -4.36746466998e-01
7.61933272612e-02 -2.62224858126e-02 9.96748191931e-01
2.62689521672e-01 -9.43333882898e-01 2.02769328502e-01
-6.46435718114e-01 3.81858403674e-01 -6.60533891553e-01
5.59898172733e-01 4.29008984573e-02 8.27450028148e-01
2.55701720756e-01 9.53069830471e-01 -1.62094195604e-01
-1.56707568560e-01 9.86154549800e-01 5.42396705768e-02
3.76493018412e-01 -8.24897405783e-01 4.21660143978e-01
5.59930934188e-01 8.11647848186e-01 -1.66448549031e-01
-2.06859845780e-01 -6.89296104823e-01 6.94319727561e-01
2.84495128367e-01 8.40535303842e-01 -4.61045469483e-01
1.01150653888e-01 -7.47740088847e-01 6.56241803567e-01
5.52025091348e-01 2.28858961008e-01 -8.01805384422e-01
1.15897506185e-01 -4.04781032028e-01 -9.07039185576e-01
-3.59400920085e-01 -9.24179680075e-01 1.29317042877e-01
-6.41153669026e-01 -6.00734452247e-01 -4.77535433847e-01
-2.90730832418e-01 9.13114981693e-01 2.85826194198e-01
4.93676742910e-01 -8.57879678777e-01 1.42568335371e-01
4.60878170956e-01 -5.77445344900e-01 6.73905175221e-01
-1.51822302440e-02 6.51026607861e-01 -7.58903060833e-01
1.39422577016e-01 9.84501295506e-01 -1.06388646785e-01
3.80177776657e-01 -4.54946615008e-01 -8.05287796772e-01
6.74479791339e-01 5.86777879846e-01 4.48072238372e-01
-3.18572306516e-01 7.98860796834e-01 -5.10228490779e-01
5.28295518243e-01 3.72288778016e-01 -7.63089058477e-01
-4.04096764356e-01 -7.87235663138e-01 -4.65795894916e-01
-9.51124946820e-01 1.25533127642e-01 2.82139627492e-01
-3.47387610155e-01 5.61024345725e-01 -7.51381082949e-01
3.44183551845e-01 5.26550306164e-01 7.77356068811e-01
-3.70207651911e-01 -7.83357433751e-01 -4.99296931148e-01
9.86415336195e-01 1.64236550432e-01 3.33766711070e-03
-8.47142121452e-02 7.02236668619e-01 -7.06885537770e-01
3.74485244726e-01 6.66149545607e-01 -6.44984948949e-01
-9.82010079194e-01 -6.16012597418e-02 -1.78497868781e-01
-6.27451772352e-01 2.48901737070e-02 -7.78257510484e-01
1.24558836534e-01 -3.27727668015e-01 -9.36525318322e-01
5.45496279201e-02 9.82117926479e-01 1.80190778296e-01
-1.14680519025e-02 -9.25729498295e-02 -9.95639860967e-01
-3.10487797443e-01 -8.24388693107e-01 4.73265898112e-01
7.09114727956e-01 -3.16388489477e-01 6.30122707353e-01
7.78105891628e-01 2.88386334201e-01 5.58018407994e-01
-5.63431101101e-01 -7.72349032076e-01 -2.93295698851e-01
-5.91572971345e-01 7.41189741892e-01 -3.17299836257e-01
1.57169724427e-02 -7.78406153172e-02 9.96841920961e-01
8.60876293999e-01 -2.10483427729e-01 4.63237231968e-01
8.96726676512e-01 8.78219445167e-02 -4.33784017332e-01
9.32557603310e-02 -7.67663817201e-01 6.34031250748e-01
4.60436248928e-01 -8.32126072835e-01 -3.09135341851e-01
7.24547621967e-02 3.93550287574e-01 -9.16443385368e-01
-5.62969792475e-02 8.32017877647e-01 5.51884862451e-01
-3.22895802101e-01 -9.07799203977e-01 -2.67654453063e-01
-8.55087531514e-02 -9.15215350776e-01 -3.93788159851e-01
7.86891697145e-01 -2.63574823177e-01 5.57969326712e-01
4.85368687787e-01 -2.27311911588e-01 8.44243170992e-01
9.66845726789e-01 -2.38275521308e-01 -9.18374462542e-02
9.73399994988e-01 -2.21750972580e-01 -5.76103802886e-02
-3.17560985612e-02 4.07151361168e-01 -9.12808478983e-01
8.84361141760e-02 4.20334282330e-01 -9.03049359010e-01
4.99118252341e-01 8.60125065441e-01 1.05194305833e-01
-3.38125150934e-01 7.58089223021e-01 5.57648735536e-01
-5.72193726355e-01 -8.19016866403e-01 4.24936709097e-02
5.62445470683e-01 7.93912021940e-01 2.30995224902e-01
-8.30543581690e-01 5.39152495899e-01 -1.39685164137e-01
-1.09512072780e-01 -9.19779571676e-01 -3.76845652015e-01
-7.82380975591e-01 1.16079464420e-01 -6.11886890670e-01
-3.42781698609e-01 -8.23488439453e-01 4.52070234793e-01
-2.34451920948e-01 1.11439551153e-01 -9.65719174089e-01
4.24127685741e-01 -9.03880513470e-01 5.58186667417e-02
-4.71503452139e-01 -5.25157458401e-01 -7.08444873301e-01
4.95633995395e-01 8.50999778118e-02 -8.64352321906e-01
-1.82025980858e-01 5.57214371793e-01 -8.10172010230e-01
-5.23687919726e-01 -6.13378058447e-01 5.91200744374e-01
2.78514936726e-01 8.12326363156e-01 5.12401512236e-01
5.37314991885e-01 5.74070424355e-01 6.17847673279e-01
3.94638331031e-02 8.07938062153e-02 9.95949279208e-01
-8.78901198552e-02 -7.64773842258e-01 6.38276035137e-01
-6.83531250889e-01 -7.15154180781e-01 1.46080548912e-01
1.34438603572e-01 7.64038338667e-01 6.31008461843e-01
2.07856249884e-01 2.85801012415e-01 -9.35475045464e-01
9.76215454757e-01 -2.11408794691e-01 4.80594155269e-02
3.76790239217e-01 8.58939076771e-01 -3.46774823232e-01
-3.79406468947e-01 -7.02824482042e-01 -6.01737882108e-01
3.10628982247e-01 -7.81644142067e-01 -5.40871584168e-01
-1.70930013305e-01 -9.71647690657e-01 -1.63351448699e-01
6.22933616499e-01 -7.26166578627e-01 -2.90922342766e-01
-8.07947679821e-01 5.11534897720e-01 -2.92493752217e-01
3.53757285822e-01 -1.50471660116e-01 -9.23154408661e-01
-2.44511995435e-01 2.93661447310e-01 -9.24108672426e-01
9.72203848016e-01 -2.04854713410e-01 1.13376471534e-01
3.36074080952e-01 -7.35452365531e-01 5.88357060081e-01
-8.09633387435e-01 8.70961516989e-03 5.86871298118e-01
-5.72718260355e-01 7.93930063973e-01 2.04129487765e-01
9.47044220697e-01 -3.80253480128e-02 -3.18843718698e-01
9.68716592700e-01 -2.47424978629e-01 -1.92104913501e-02
7.35433095274e-02 3.84604102811e-01 -9.20147306536e-01
8.20891016339e-01 3.90807451026e-01 4.16422232255e-01
-9.24008201633e-01 -3.77034283350e-01 6.36709705730e-02
-6.23730378873e-01 -7.74916980658e-01 -1.02294122800e-01
2.01818427956e-01 -5.27620144962e-01 8.25158351329e-01
-5.16453330738e-01 5.63852990589e-01 6.44473243955e-01
-4.58095596716e-01 2.91375604761e-01 8.39790855642e-01
9.95428123744e-01 5.50604244844e-02 -7.80461409347e-02
7.18585215071e-01 6.65658784068e-01 2.01329759038e-01
-1.03239149034e-01 2.93504923740e-01 -9.50366528160e-01
9.57958994418e-01 2.18862052502e-01 -1.85510018566e-01
5.98460262708e-01 -2.23822945265e-01 7.69251976359e-01
-1.08806444520e-01 -3.99540501548e-01 9.10235433970e-01
-5.79253088871e-01 -7.68218127924e-01 2.72592675915e-01
4.52882594401e-01 3.20972718444e-01 -8.31789558544e-01
5.17117948479e-01 6.02513524210e-01 -6.07919797757e-01
8.85897645666e-01 -2.73724592025e-01 3.74513296324e-01
-3.92444396944e-01 -1.55081550594e-01 9.06607471827e-01
-6.23651470235e-01 -7.81534864379e-01 1.61894852789e-02
-7.99653291979e-01 -5.98748905109e-01 4.53250621338e-02
-5.49313517149e-01 -3.40209169456e-01 7.63224987075e-01
-3.79148219175e-01 6.75586083265e-02 -9.22866437973e-01
-6.34528204274e-01 -7.34398804588e-01 2.40899053134e-01
-7.06529443259e-01 -2.77427994789e-01 6.51037520820e-01
6.33830312411e-01 6.25105466266e-01 4.55524193775e-01
-7.81413617355e-02 -9.19475741570e-01 -3.85302852637e-01
-2.41472175449e-01 -5.63478679229e-01 -7.90052508722e-01
3.27371804440e-01 7.32519695572e-01 -5.96860617948e-01
-7.46101068517e-01 5.84401631471e-01 -3.19073547466e-01
-1.55299960474e-01 -6.71381704218e-01 7.24657525675e-01
-5.66682863022e-01 3.10805371749e-02 -8.23349581263e-01
2.15491792618e-02 8.35674890251e-01 -5.48801522117e-01
-7.92595073618e-01 -5.12101001543e-01 3.30976756729e-01
6.49152761059e-01 7.53045786177e-01 1.07344011156e-01
-8.98393594444e-01 2.29745270369e-01 3.74307440756e-01
-9.96207980346e-01 2.60293628453e-02 -8.30188663229e-02
-3.26554144278e-01 -3.34859842257e-01 8.83872885034e-01
-6.94335763133e-01 -3.90093848297e-01 6.04751715628e-01
-6.85920684260e-01 7.25362358103e-01 5.79850355802e-02
5.69418396482e-01 8.20504088656e-01 -5.03560348519e-02
-9.31466550342e-01 3.63679341307e-01 1.03635081148e-02
8.48930909221e-01 -3.15621332642e-01 -4.23909761330e-01
1.11671183914e-02 -5.55789840305e-01 8.31247826391e-01
3.85720961251e-01 5.63646512151e-01 -7.30425868512e-01
2.54430000471e-01 -1.95081274290e-01 -9.47210996179e-01
8.92480027838e-01 3.87162178509e-01 2.31484011202e-01
-6.07524055830e-01 -8.09004986261e-02 7.90170634047e-01
4.77629215835e-01 4.88968499649e-01 7.29917898487e-01
1.42680891090e-01 8.44902505481e-01 5.15540415049e-01
-6.53956700341e-02 9.01104437042e-01 4.28642274962e-01
-9.97662529950e-01 -3.80556458510e-02 5.67560054294e-02
2.59067498062e-01 -6.97799324143e-01 -6.67802466807e-01
4.04600145719e-01 -1.63531148906e-01 -8.99753458132e-01
5.56089893955e-01 3.20813276795e-01 7.66709117771e-01
-3.65728727464e-01 6.38098651990e-01 6.77548971098e-01
-2.73765538337e-02 4.04384014109e-01 9.14179464566e-01
-2.99827741766e-01 3.41687425268e-01 8.90703670522e-01
4.66124690764e-02 -7.54878565926e-01 -6.54206105468e-01
-8.56363100258e-01 -4.67572663980e-01 2.19130199690e-01
5.50055480656e-02 -5.03859941758e-01 -8.62032220264e-01
5.06185592486e-01 -5.09035125430e-01 -6.96174825053e-01
7.40647649787e-01 5.15085869182e-01 4.31425087627e-01
-2.64074253869e-01 -6.34237330942e-01 7.26641449742e-01
-9.00168263110e-02 -8.88113822589e-01 4.50722541156e-01
-2.52943669927e-01 1.78986773349e-01 9.50780329419e-01
7.33063738795e-01 -6.64569996831e-01 1.44790449186e-01
7.81252409930e-02 9.33910886615e-01 -3.48865163900e-01
1.77247256855e-01 -4.85590987618e-01 8.56028505765e-01
-4.90622088193e-01 8.54427910294e-01 -1.71005592563e-01
7.72624252571e-01 3.01513372891e-01 -5.58696205738e-01
8.71014784141e-01 -4.73228980731e-01 1.31861964203e-01
1.05275334068e-01 9.94005699205e-01 -2.94919308583e-02
2.01095136744e-01 9.70754983001e-01 -1.31131647426e-01
-9.39173730550e-02 -3.35193062444e-03 -9.95574352622e-01
-4.22350226773e-01 -8.79964583198e-01 2.17445667377e-01
3.76786800494e-02 9.84584840969e-01 1.70801077288e-01
9.28710584771e-01 -3.61372152482e-01 -8.31072628861e-02
-2.13318145829e-01 9.69765570341e-01 1.18533148285e-01
-2.56613118686e-01 -4.92579124041e-01 -8.31574118090e-01
2.03986402811e-01 9.53971876958e-01 -2.19834495566e-01
-4.97010821573e-01 -6.30244094353e-01 5.96466784299e-01
7.74902568306e-01 5.93823687659e-01 -2.16562779832e-01
-5.71575617356e-03 9.99972403446e-01 -4.74578521748e-03
7.63821853677e-01 1.11712016041e-01 -6.35685929778e-01
3.27830985916e-01 8.95995456684e-01 -2.99531277626e-01
-1.61371218289e-01 -8.02206294576e-01 5.74825530793e-01
5.72231325388e-01 -3.15817604690e-01 7.56842487452e-01
5.00963264813e-01 2.88738067420e-01 8.15883653305e-01
6.52432617256e-03 5.01321966867e-01 8.65236221332e-01
5.28405649616e-01 -8.36154318948e-01 1.47083052586e-01
-1.27401868411e-01 -7.02445533278e-01 7.00242127198e-01
2.93266608472e-01 2.69304871893e-01 9.17316511532e-01
6.30433671888e-01 -7.31625465970e-01 -2.59379187473e-01
-8.38646489099e-01 4.49910269108e-01 3.07006215041e-01
-7.29626256748e-01 6.83688848760e-01 -1.46657269125e-02
-2.66717268494e-02 -1.01218808876e-01 9.94506597121e-01
9.54891168764e-01 -2.59823777684e-01 1.43786161945e-01
4.71367569039e-01 -8.57073504768e-02 8.77762419412e-01
4.78432495430e-01 -8.52175394623e-01 -2.11894889311e-01
4.82462947518e-02 7.64414403664e-01 6.42917502106e-01
9.96588592778e-01 4.20758556201e-02 -7.09985853224e-02
2.51156679650e-01 5.09884748821e-01 8.22762338216e-01
7.01170002126e-02 -5.87285353728e-01 8.06337100460e-01
8.49852193686e-02 -6.81992674657e-01 7.26404504532e-01
9.15551606015e-02 -1.11321089948e-01 -9.89558117293e-01
-5.28658316231e-01 -8.39168563804e-01 1.27736080272e-01
7.24742902255e-01 -6.88858186747e-01 -1.49038311375e-02
4.14730252451e-01 8.79995169080e-01 2.31532546521e-01
7.57452392626e-01 6.36389075709e-01 1.45858894909e-01
8.45714619380e-02 5.15643197242e-01 -8.52619352914e-01
6.31656066219e-01 7.22527901096e-01 -2.81005420138e-01
-5.25244410721e-01 -7.27995591597e-01 -4.40614034754e-01
4.28773728738e-02 5.09112666013e-01 8.59631214069e-01
2.35838348564e-01 6.35197633271e-02 9.69714139844e-01
1.91602838910e-01 3.37564723381e-01 -9.21595578141e-01
2.15474893923e-01 9.73021233478e-01 8.24636240425e-02
5.54629154762e-02 8.06534182145e-01 -5.88580052363e-01
6.05582745004e-01 -4.57885673677e-01 6.50853477209e-01
-8.93152504486e-01 4.04301604507e-01 1.97024912953e-01
4.87926081869e-02 5.10793649311e-01 -8.58317615577e-01
-6.12243366869e-01 7.16531893712e-01 3.34275492699e-01
-8.81969053615e-01 1.71424778249e-01 4.39026347578e-01
-9.78188629134e-01 -4.53835365110e-02 2.02700124435e-01
-1.80768572688e-01 8.92853995947e-01 -4.12473593154e-01
-8.52290769677e-01 4.83006651176e-01 2.00761098931e-01
-1.36752311763e-01 3.97892886615e-01 9.07182482199e-01
6.80218396121e-01 1.29783588990e-01 7.21428550591e-01
5.11721607240e-01 3.96971565878e-01 -7.61941318323e-01
-3.83191684597e-01 -9.13339471010e-01 1.37750294196e-01
7.45401357639e-01 -5.79716576852e-01 3.29098019674e-01
-6.93209607045e-01 -3.62071647391e-01 -6.23189026585e-01
-7.74418813726e-01 -1.12412743258e-01 -6.22606517875e-01
-3.91201949405e-01 -8.40388275729e-01 -3.75111424512e-01
-8.24754426754e-01 -8.24134284624e-02 -5.59453449680e-01
2.56797703758e-02 -6.38690979232e-01 7.69034708216e-01
5.29749449674e-01 -7.98976442620e-01 -2.84608792396e-01
1.67942006453e-01 -9.82046308697e-01 8.59100113102e-02
-2.11653592098e-01 -6.68010323336e-01 -7.13417805265e-01
4.29830549648e-01 -8.26787871231e-01 3.62860185987e-01
-5.55918892977e-01 2.70692987947e-01 7.85925881180e-01
9.38870575184e-01 -2.44220311062e-01 2.42648887735e-01
-1.20944465615e-01 -6.87986230001e-01 -7.15574862307e-01
-6.68506598088e-01 -7.43676864664e-01 6.60675993135e-03
5.68903379128e-02 7.29798157435e-01 -6.81291522666e-01
8.45039148332e-01 4.35397804412e-01 -3.10382972632e-01
7.58465409027e-01 9.15203504976e-02 6.45255181114e-01
-2.09631853531e-02 4.71903322393e-01 -8.81401043325e-01
-6.45337429818e-01 -6.32875422555e-01 4.27794695154e-01
-8.71999860190e-01 -4.85859459456e-01 -5.96391606688e-02
3.46508517225e-01 6.03179524145e-01 -7.18405393315e-01
-6.09445102326e-01 2.09406167037e-01 -7.64673606487e-01
2.19406176915e-01 -1.43298299212e-01 -9.65052603216e-01
-6.40648342201e-01 -7.67834414796e-01 -1.14411616779e-04
-7.59966577487e-01 5.16277042678e-01 -3.94852904645e-01
7.27279269176e-01 -5.92166021167e-01 -3.46993181493e-01
9.24087671849e-01 1.31212648440e-02 3.81955242332e-01
7.07944728948e-01 6.83800882883e-01 -1.76721852990e-01
2.82411545805e-01 -3.00000864232e-01 9.11176821619e-01
-4.63090500014e-01 8.85318013032e-01 -4.19428730424e-02
-3.60417589202e-01 -7.32474298667e-01 5.77564336837e-01
-8.12570116115e-01 3.98869306366e-01 4.25009509113e-01
-8.68431990306e-01 1.17676234739e-01 -4.81641134032e-01
4.07380509319e-01 9.12441667621e-01 3.86176619637e-02
-8.54854693453e-01 5.16348374979e-01 -5.10667086937e-02
-8.38727474306e-01 5.39063097917e-01 -7.71180932617e-02
7.42029364295e-01 -3.70856813837e-02 -6.69340776257e-01
-2.66239345560e-01 -6.02332707984e-01 -7.52536988971e-01
6.49771182242e-01 -5.99522573691e-01 -4.67300860649e-01
-6.29704163878e-01 5.61725973425e-01 -5.36597238881e-01
-4.61941232767e-01 4.48557822115e-01 -7.65118407626e-01
-7.41892263019e-01 -6.15928693352e-01 2.65005122172e-01
7.53754100978e-01 -5.84235508310e-01 -3.00871444455e-01
7.99351369573e-01 -1.80849047797e-01 -5.73001753813e-01
-3.43959746014e-01 -8.42230854918e-01 4.15137182322e-01
-9.80714136336e-01 1.84668551186e-01 -6.40102256956e-02
2.31533251803e-01 -5.67762960980e-02 9.71168783225e-01
-3.22570887382e-01 -1.21374176597e-01 9.38731235162e-01
-2.09034384644e-01 1.78123387505e-01 -9.61549106838e-01
5.97187722383e-01 -3.86052258112e-01 -7.03086394579e-01
2.76288485251e-02 -6.23573451028e-01 7.81276390212e-01
-6.31716959825e-01 -4.89599995102e-01 -6.01020405199e-01
-4.03385526748e-01 -7.47590638660e-01 -5.27625202012e-01
7.56446668920e-01 -5.64703665857e-01 3.29997283092e-01
8.01781774096e-01 -2.21458411575e-01 -5.55069507963e-01
2.17546845469e-01 2.47168856310e-01 9.44235630813e-01
2.56876680733e-01 -5.97829327548e-01 7.59351345570e-01
-2.27444646737e-01 -1.97760252349e-01 9.53498723262e-01
-2.30790421509e-01 -8.12125973866e-01 -5.35898482842e-01
3.71787859131e-01 -6.01971078604e-01 7.06685650291e-01
8.30321280331e-01 -2.98481279377e-01 -4.70611832926e-01
-2.44736618169e-01 -4.07556809037e-01 -8.79773513545e-01
-7.61170293646e-01 -6.43269016567e-03 -6.48520165121e-01
-4.78771527030e-01 1.47675535504e-01 -8.65430390684e-01
5.56234534859e-02 9.92181040226e-01 1.11726518061e-01
3.07268725237e-02 1.38155287721e-02 -9.99432334113e-01
3.60205314701e-01 -2.41325652873e-01 -9.01118227829e-01
-1.16605606084e-01 -1.06055805191e-01 9.87499518387e-01
5.66972216513e-01 5.35533637881e-01 6.25896339980e-01
-9.78076773056e-01 1.64005025008e-01 -1.28328398182e-01
5.80851886001e-01 -1.34534509654e-01 8.02814768326e-01
7.89734813005e-01 5.05018256560e-01 -3.48246300296e-01
7.02640124570e-01 -3.17168069396e-01 -6.36946835380e-01
1.28834503914e-01 -4.70795510565e-01 8.72784771770e-01
-7.86321314066e-01 -5.15973275834e-01 3.39809313691e-01
4.26086684904e-01 -2.49920050552e-01 -8.69476914748e-01
1.56915165541e-02 3.69351475847e-01 -9.29157286792e-01
-4.06134233815e-01 -4.65117834180e-02 9.12628970681e-01
-7.39288566366e-03 -4.07792604666e-01 -9.13044652151e-01
